0.063676
0.773837
0.091888
0.005809
0.373386
0.950838
0.850030
0.759635
0.391047
0.621203
0.900829
0.965562
0.359667
0.693006
0.340834
0.625973
0.550156
0.617931
0.035032
0.547130
0.354256
0.529604
0.757987
0.988025
0.994472
0.718954
0.556618
0.943287
0.952829
0.761331
0.002798
0.847467
0.415554
0.117870
0.324341
0.120904
0.476148
0.791418
0.973165
0.860110
0.534549
0.625187
0.009831
0.108498
0.275487
0.090047
0.753885
0.526038
0.804356
0.914241
0.469792
0.909261
0.964329
0.667084
0.428556
0.895850
0.553673
0.416038
0.505410
0.320834
0.107588
0.834351
0.544306
0.074271
0.104194
0.644276
0.040217
0.943061
0.899585
0.038700
0.260601
0.802373
0.392198
0.731792
0.747662
0.654992
0.362062
0.547148
0.213391
0.399660
0.625784
0.959678
0.159640
0.842365
0.593457
0.765297
0.125837
0.347266
0.508997
0.060332
0.287227
0.656832
0.600692
0.970314
0.196863
0.793519
0.564100
0.075683
0.784869
0.424554
